3 1,153
4 1,463
5 1,672
6 1,822
7 1,938
8 2,032
9 2,11
10 2,176
11 2,234
12 2,285
13 2,331
14 2,371
15 2,409
16 2,443
17 2,475
18 2,504
19 2,532
20 2,557
21 2,58
22 2,603
23 2,624
24 2,644
25 2,663
26 2,681
27 2,698
28 2,714
29 2,73
30 2,745
31 2,759
32 2,773
33 2,786
34 2,799
35 2,811
36 2,823
37 2,835
38 2,846
39 2,857
40 2,866
41 2,877
42 2,887
43 2,896
44 2,905
45 2,914
46 2,923
47 2,931
48 2,94
49 2,948
50 2,956
51 2,964
52 2,971
53 2,978
54 2,986
55 2,992
56 3
57 3,006
58 3,013
59 3,019
60 3,025
61 3,032
62 3,037
63 3,044
64 3,049
65 3,055
66 3,061
67 3,066
68 3,071
69 3,076
70 3,082
71 3,087
72 3,092
73 3,098
74 3,102
75 3,107
76 3,111
77 3,117
78 3,121
79 3,125
80 3,13
81 3,134
82 3,139
83 3,143
84 3,147
85 3,151
86 3,155
87 3,16
88 3,163
89 3,167
90 3,171
91 3,174
92 3,179
93 3,182
94 3,186
95 3,189
96 3,193
97 3,196
98 3,201
99 3,204
100 3,207
101 3,21
102 3,214
103 3,217
104 3,22
105 3,224
106 3,227
107 3,23
108 3,233
109 3,236
110 3,239
111 3,242
112 3,245
113 3,248
114 3,251
115 3,254
116 3,257
117 3,259
118 3,262
119 3,265
120 3,267
121 3,27
122 3,273
123 3,276
124 3,279
125 3,281
126 3,284
127	3,286
128 3,289
129 3,291
130 3,294
131 3,296
132 3,298
133 3,302
134 3,304
135 3,306
136 3,309
137 3,311
138 3,313
139 3,315
140 3,318
141 3,32
142 3,322
143 3,324
144 3,326
145 3,328
146 3,331
147 3,334
